[13290.686813] [project1] 5398 13293.682118166 13294.412238720
[13291.959799] [project1] 5399 13294.996752829 13295.685861663
[13293.267163] [project1] 5400 13296.290777414 13296.993879866
[13294.730736] [project1] 5401 13297.690030407 13298.458182707
[13296.073707] [project1] 5402 13299.28342419 13299.801827634
[13297.261041] [project1] 5403 13300.316076077 13300.989755226
[13298.555847] [project1] 5404 13301.589039435 13302.285207856
[13300.003450] [project1] 5405 13302.975151594 13303.733534672
[13301.256651] [project1] 5406 13304.230162631 13304.987362928
[13302.642014] [project1] 5407 13305.574721271 13306.373418598
